(6, 0, 0): 8592.761133141086
(6, 0, 1): 8590.159179330803
(6, 0, 2): 8566.059934530822
(6, 0, 3): 8611.95403911147
(6, 0, 4): 8530.829985293927
(6, 0, 5): 8525.48700295394
(6, 0, 6): 8528.181272712434
(6, 0, 7): 8533.0232946777
(6, 0, 8): 8532.801387868918
(6, 0, 9): 8534.494215784714
(7, 0, 0): 8580.150722770297
(7, 0, 1): 8574.482475037617
(7, 0, 2): 8562.306894411482
(7, 0, 3): 8560.12365140357
(7, 0, 4): 8560.71424183353
(7, 0, 5): 8527.44720561676
(7, 0, 6): 8528.194778892306
(7, 0, 7): 8532.224035359708
(7, 0, 8): 8537.632551913342
(7, 0, 9): 8544.854472064304
(8, 0, 0): 8564.895307820738
(8, 0, 1): 8561.41222390441
(8, 0, 2): 8563.321521466196
(8, 0, 3): 8556.843407445629
(8, 0, 4): 8569.24180463181
(8, 0, 5): 8527.65810930714
(8, 0, 6): 8529.42430331987
(8, 0, 7): 8531.783541308345
(8, 0, 8): 8547.288020529115
(8, 0, 9): 8539.78286899046
